0 0.735 0.292 0.381 0.407
1 0.037 0.077 0.074 0.153
1 0.184 0.058 0.223 0.116
1 0.320 0.055 0.118 0.110
1 0.482 0.119 0.202 0.225
1 0.936 0.047 0.128 0.085
1 0.967 0.147 0.066 0.172
1 0.021 0.247 0.042 0.172
1 0.029 0.359 0.058 0.183
1 0.159 0.233 0.216 0.231
1 0.172 0.429 0.218 0.221
1 0.262 0.420 0.193 0.191
1 0.473 0.515 0.215 0.218
1 0.406 0.583 0.243 0.206
1 0.180 0.667 0.240 0.210
1 0.674 0.601 0.216 0.222
1 0.768 0.613 0.205 0.222
1 0.938 0.641 0.123 0.242
1 0.914 0.937 0.172 0.126
1 0.730 0.962 0.183 0.075
1 0.716 0.901 0.223 0.165
1 0.469 0.827 0.240 0.242
1 0.332 0.790 0.215 0.200
1 0.363 0.950 0.211 0.100
1 0.059 0.959 0.118 0.081
1 0.157 0.896 0.246 0.208
