0 0.766 0.211 0.399 0.410
1 0.547 0.062 0.192 0.124
1 0.345 0.083 0.220 0.166
1 0.204 0.165 0.224 0.293
1 0.108 0.339 0.216 0.246
1 0.081 0.038 0.162 0.076
1 0.209 0.503 0.197 0.210
1 0.651 0.505 0.235 0.228
1 0.903 0.458 0.195 0.275
1 0.046 0.671 0.093 0.215
1 0.209 0.726 0.221 0.235
1 0.420 0.665 0.214 0.227
1 0.501 0.848 0.189 0.181
1 0.738 0.719 0.215 0.253
1 0.958 0.736 0.084 0.230
1 0.799 0.928 0.223 0.144
1 0.037 0.915 0.075 0.170
1 0.171 0.928 0.164 0.144
1 0.356 0.927 0.185 0.145
1 0.577 0.976 0.163 0.048
