0 0.444 0.491 0.346 0.409
1 0.081 0.147 0.161 0.251
1 0.316 0.047 0.225 0.094
1 0.580 0.032 0.211 0.064
1 0.478 0.137 0.253 0.225
1 0.202 0.166 0.196 0.219
1 0.373 0.224 0.232 0.198
1 0.165 0.353 0.231 0.211
1 0.909 0.119 0.181 0.237
1 0.804 0.235 0.207 0.230
1 0.687 0.362 0.223 0.248
1 0.971 0.363 0.057 0.188
1 0.959 0.588 0.082 0.209
1 0.858 0.509 0.221 0.248
1 0.100 0.543 0.199 0.225
1 0.020 0.643 0.041 0.161
1 0.101 0.751 0.195 0.173
1 0.293 0.708 0.201 0.267
1 0.655 0.661 0.219 0.200
1 0.917 0.799 0.166 0.237
1 0.036 0.912 0.072 0.164
1 0.129 0.945 0.204 0.110
1 0.353 0.923 0.215 0.153
1 0.499 0.870 0.206 0.222
1 0.720 0.891 0.212 0.205
1 0.887 0.955 0.174 0.087
