0 0.699 0.540 0.260 0.400
1 0.077 0.070 0.154 0.140
1 0.029 0.212 0.058 0.245
1 0.284 0.053 0.214 0.105
1 0.365 0.043 0.218 0.086
1 0.822 0.039 0.219 0.078
1 0.686 0.089 0.250 0.178
1 0.966 0.114 0.068 0.170
1 0.172 0.244 0.221 0.222
1 0.399 0.215 0.205 0.249
1 0.550 0.315 0.189 0.198
1 0.618 0.246 0.209 0.207
1 0.906 0.311 0.188 0.231
1 0.025 0.572 0.050 0.200
1 0.228 0.443 0.188 0.183
1 0.161 0.536 0.202 0.215
1 0.412 0.484 0.192 0.196
1 0.270 0.695 0.205 0.231
1 0.373 0.749 0.203 0.239
1 0.047 0.938 0.095 0.124
1 0.078 0.831 0.157 0.211
1 0.305 0.970 0.203 0.060
1 0.338 0.939 0.192 0.122
1 0.601 0.820 0.225 0.237
1 0.925 0.765 0.151 0.204
1 0.964 0.941 0.072 0.117
1 0.781 0.956 0.193 0.088
