0 0.438 0.542 0.418 0.360
1 0.273 0.197 0.249 0.251
1 0.611 0.122 0.259 0.194
1 0.777 0.086 0.213 0.173
1 0.891 0.029 0.194 0.058
1 0.938 0.178 0.123 0.192
1 0.615 0.289 0.256 0.205
1 0.046 0.446 0.092 0.228
1 0.200 0.376 0.220 0.182
1 0.702 0.436 0.225 0.199
1 0.947 0.490 0.105 0.248
1 0.828 0.610 0.234 0.228
1 0.979 0.691 0.041 0.141
1 0.939 0.884 0.121 0.212
1 0.753 0.793 0.185 0.205
1 0.586 0.787 0.191 0.220
1 0.466 0.924 0.202 0.152
1 0.654 0.979 0.168 0.041
1 0.203 0.779 0.221 0.209
1 0.064 0.841 0.128 0.229
