0 0.544 0.494 0.346 0.346
1 0.088 0.049 0.176 0.098
1 0.236 0.122 0.215 0.204
1 0.059 0.222 0.118 0.215
1 0.153 0.212 0.199 0.222
1 0.450 0.109 0.195 0.217
1 0.830 0.044 0.224 0.087
1 0.368 0.285 0.208 0.215
1 0.587 0.217 0.208 0.213
1 0.837 0.233 0.211 0.215
1 0.792 0.339 0.213 0.217
1 0.826 0.531 0.212 0.210
1 0.895 0.641 0.209 0.232
1 0.975 0.315 0.050 0.199
1 0.228 0.486 0.248 0.240
1 0.084 0.638 0.168 0.224
1 0.226 0.716 0.217 0.249
1 0.412 0.901 0.228 0.191
1 0.508 0.966 0.203 0.069
1 0.713 0.970 0.181 0.061
1 0.873 0.851 0.236 0.211
