0 0.525 0.587 0.413 0.384
1 0.062 0.076 0.124 0.152
1 0.257 0.054 0.232 0.108
1 0.469 0.090 0.206 0.181
1 0.755 0.051 0.201 0.102
1 0.765 0.112 0.194 0.174
1 0.963 0.054 0.073 0.106
1 0.948 0.150 0.104 0.180
1 0.275 0.223 0.238 0.218
1 0.523 0.249 0.227 0.182
1 0.665 0.262 0.200 0.199
1 0.742 0.313 0.185 0.188
1 0.961 0.290 0.079 0.210
1 0.920 0.404 0.161 0.197
1 0.912 0.610 0.176 0.215
1 0.805 0.729 0.192 0.186
1 0.089 0.454 0.178 0.196
1 0.115 0.409 0.192 0.170
1 0.252 0.435 0.198 0.181
1 0.059 0.707 0.118 0.235
1 0.211 0.644 0.192 0.223
1 0.087 0.918 0.174 0.165
1 0.305 0.924 0.211 0.153
1 0.519 0.882 0.217 0.190
1 0.645 0.906 0.192 0.177
1 0.824 0.918 0.175 0.161
1 0.970 0.804 0.060 0.196
1 0.962 0.959 0.077 0.081
