0 0.505 0.545 0.382 0.407
1 0.083 0.025 0.166 0.050
1 0.201 0.135 0.211 0.244
1 0.426 0.064 0.240 0.129
1 0.757 0.066 0.234 0.132
1 0.037 0.250 0.075 0.211
1 0.073 0.270 0.146 0.195
1 0.248 0.378 0.218 0.223
1 0.740 0.236 0.200 0.194
1 0.940 0.382 0.119 0.204
1 0.792 0.413 0.172 0.197
1 0.857 0.518 0.223 0.203
1 0.062 0.673 0.123 0.190
1 0.176 0.835 0.223 0.217
1 0.235 0.754 0.213 0.199
1 0.431 0.856 0.212 0.204
1 0.537 0.861 0.208 0.215
1 0.745 0.896 0.201 0.207
1 0.825 0.848 0.210 0.179
1 0.946 0.926 0.101 0.149
1 0.035 0.919 0.069 0.162
1 0.103 0.975 0.205 0.049
1 0.242 0.983 0.190 0.034
