0 0.772 0.591 0.379 0.355
1 0.074 0.107 0.147 0.215
1 0.415 0.030 0.196 0.061
1 0.556 0.062 0.246 0.124
1 0.917 0.022 0.167 0.044
1 0.826 0.114 0.223 0.191
1 0.977 0.182 0.046 0.238
1 0.201 0.231 0.206 0.210
1 0.377 0.188 0.249 0.227
1 0.619 0.211 0.191 0.170
1 0.052 0.427 0.103 0.229
1 0.211 0.454 0.188 0.196
1 0.332 0.520 0.198 0.214
1 0.450 0.314 0.193 0.155
1 0.763 0.266 0.197 0.137
1 0.496 0.493 0.150 0.180
1 0.976 0.477 0.045 0.134
1 0.046 0.641 0.092 0.173
1 0.235 0.719 0.212 0.174
1 0.149 0.800 0.221 0.192
1 0.486 0.745 0.230 0.294
1 0.378 0.924 0.224 0.152
