0 0.447 0.556 0.276 0.335
1 0.091 0.062 0.182 0.124
1 0.293 0.046 0.202 0.093
1 0.613 0.037 0.220 0.073
1 0.403 0.105 0.233 0.203
1 0.055 0.222 0.110 0.203
1 0.063 0.395 0.126 0.202
1 0.329 0.262 0.223 0.226
1 0.225 0.409 0.190 0.223
1 0.949 0.182 0.102 0.226
1 0.843 0.176 0.164 0.299
1 0.704 0.248 0.224 0.282
1 0.531 0.405 0.231 0.233
1 0.735 0.447 0.223 0.210
1 0.972 0.597 0.055 0.193
1 0.809 0.623 0.282 0.208
1 0.859 0.785 0.217 0.174
1 0.952 0.914 0.095 0.153
1 0.780 0.928 0.214 0.144
1 0.570 0.862 0.238 0.197
1 0.463 0.968 0.214 0.064
1 0.341 0.816 0.240 0.206
1 0.055 0.564 0.111 0.198
1 0.022 0.732 0.044 0.136
1 0.224 0.940 0.240 0.120
1 0.107 0.849 0.203 0.236
