0 0.497 0.633 0.396 0.431
1 0.057 0.190 0.114 0.195
1 0.043 0.315 0.087 0.185
1 0.352 0.104 0.255 0.207
1 0.480 0.146 0.214 0.218
1 0.427 0.277 0.250 0.178
1 0.202 0.298 0.192 0.222
1 0.210 0.415 0.158 0.177
1 0.151 0.507 0.192 0.210
1 0.069 0.720 0.138 0.234
1 0.137 0.741 0.144 0.198
1 0.071 0.924 0.141 0.152
1 0.369 0.946 0.237 0.107
1 0.494 0.928 0.231 0.144
1 0.732 0.933 0.230 0.134
1 0.929 0.886 0.142 0.228
1 0.844 0.728 0.197 0.228
1 0.921 0.504 0.159 0.267
1 0.804 0.389 0.194 0.225
1 0.908 0.246 0.183 0.223
1 0.700 0.063 0.240 0.125
1 0.953 0.065 0.094 0.128
1 0.787 0.150 0.199 0.189
