1 0.100 0.081 0.199 0.162
1 0.406 0.101 0.238 0.203
1 0.658 0.099 0.257 0.199
1 0.910 0.240 0.179 0.213
1 0.710 0.260 0.219 0.255
1 0.437 0.199 0.246 0.212
1 0.281 0.355 0.269 0.234
1 0.561 0.379 0.263 0.241
1 0.239 0.559 0.241 0.206
1 0.171 0.714 0.241 0.217
1 0.121 0.866 0.242 0.220
1 0.479 0.593 0.218 0.215
1 0.674 0.563 0.172 0.193
1 0.907 0.516 0.186 0.267
1 0.673 0.712 0.226 0.213
1 0.490 0.812 0.207 0.213
1 0.499 0.928 0.210 0.145
1 0.812 0.882 0.264 0.225
1 0.941 0.849 0.117 0.213
1 0.881 0.031 0.220 0.063
