0 0.366 0.667 0.407 0.401
1 0.143 0.070 0.223 0.139
1 0.353 0.108 0.227 0.215
1 0.530 0.053 0.254 0.106
1 0.695 0.111 0.216 0.222
1 0.059 0.276 0.119 0.220
1 0.145 0.418 0.213 0.212
1 0.378 0.332 0.263 0.204
1 0.651 0.218 0.220 0.190
1 0.877 0.274 0.205 0.242
1 0.950 0.254 0.099 0.212
1 0.626 0.411 0.264 0.187
1 0.753 0.549 0.188 0.208
1 0.845 0.528 0.170 0.218
1 0.971 0.482 0.058 0.189
1 0.973 0.599 0.055 0.137
1 0.060 0.616 0.120 0.186
1 0.064 0.721 0.129 0.168
1 0.142 0.893 0.261 0.203
1 0.385 0.929 0.199 0.128
1 0.506 0.892 0.205 0.130
1 0.707 0.748 0.227 0.168
1 0.664 0.879 0.201 0.187
1 0.880 0.877 0.230 0.226
