0 0.453 0.378 0.404 0.367
1 0.129 0.095 0.253 0.180
1 0.296 0.167 0.189 0.217
1 0.133 0.268 0.177 0.196
1 0.027 0.510 0.054 0.189
1 0.104 0.488 0.151 0.218
1 0.188 0.648 0.208 0.213
1 0.024 0.775 0.048 0.189
1 0.081 0.880 0.161 0.206
1 0.321 0.830 0.221 0.164
1 0.267 0.960 0.227 0.081
1 0.518 0.923 0.235 0.154
1 0.812 0.981 0.184 0.038
1 0.533 0.104 0.220 0.195
1 0.921 0.111 0.158 0.221
1 0.732 0.069 0.203 0.139
1 0.754 0.217 0.195 0.173
1 0.940 0.409 0.119 0.203
1 0.926 0.626 0.147 0.214
1 0.986 0.803 0.028 0.126
