0 0.313 0.538 0.424 0.380
1 0.031 0.093 0.061 0.185
1 0.167 0.131 0.190 0.165
1 0.198 0.081 0.236 0.162
1 0.335 0.223 0.189 0.189
1 0.083 0.325 0.161 0.249
1 0.527 0.125 0.214 0.203
1 0.729 0.142 0.184 0.211
1 0.800 0.026 0.181 0.051
1 0.915 0.150 0.169 0.215
1 0.794 0.372 0.173 0.213
1 0.848 0.323 0.200 0.193
1 0.876 0.543 0.204 0.187
1 0.665 0.560 0.166 0.174
1 0.684 0.656 0.201 0.212
1 0.865 0.745 0.170 0.192
1 0.982 0.801 0.037 0.171
1 0.932 0.950 0.136 0.100
1 0.603 0.820 0.218 0.259
1 0.749 0.930 0.210 0.141
1 0.457 0.973 0.197 0.054
1 0.070 0.644 0.139 0.214
1 0.109 0.746 0.189 0.162
1 0.214 0.831 0.176 0.177
1 0.071 0.962 0.142 0.076
1 0.266 0.935 0.180 0.120
