0 0.598 0.767 0.378 0.406
1 0.095 0.109 0.190 0.217
1 0.296 0.181 0.228 0.217
1 0.329 0.029 0.196 0.058
1 0.589 0.065 0.212 0.131
1 0.896 0.049 0.208 0.097
1 0.804 0.145 0.274 0.220
1 0.407 0.362 0.216 0.207
1 0.670 0.344 0.181 0.208
1 0.858 0.360 0.225 0.268
1 0.981 0.370 0.036 0.158
1 0.544 0.515 0.298 0.230
1 0.310 0.690 0.211 0.203
1 0.094 0.734 0.189 0.192
1 0.078 0.912 0.156 0.159
1 0.304 0.879 0.269 0.167
1 0.702 0.958 0.233 0.084
1 0.846 0.793 0.200 0.261
1 0.895 0.560 0.209 0.200
1 0.019 0.273 0.039 0.174
