0 0.533 0.545 0.398 0.411
1 0.065 0.078 0.129 0.156
1 0.254 0.074 0.235 0.149
1 0.489 0.049 0.222 0.098
1 0.561 0.062 0.211 0.124
1 0.978 0.076 0.043 0.153
1 0.858 0.121 0.191 0.198
1 0.821 0.203 0.211 0.223
1 0.617 0.228 0.169 0.206
1 0.078 0.336 0.157 0.194
1 0.117 0.523 0.189 0.210
1 0.033 0.654 0.066 0.155
1 0.046 0.778 0.092 0.168
1 0.065 0.868 0.131 0.163
1 0.272 0.958 0.189 0.085
1 0.083 0.952 0.167 0.097
1 0.463 0.851 0.187 0.169
1 0.842 0.530 0.193 0.184
1 0.883 0.642 0.207 0.204
1 0.618 0.795 0.223 0.170
1 0.848 0.838 0.221 0.189
1 0.913 0.912 0.173 0.158
1 0.760 0.978 0.127 0.044
1 0.606 0.924 0.245 0.149
1 0.217 0.560 0.190 0.180
