0 0.349 0.365 0.378 0.345
0 0.226 0.702 0.338 0.348
1 0.059 0.046 0.119 0.092
1 0.176 0.078 0.265 0.156
1 0.481 0.086 0.164 0.173
1 0.543 0.135 0.169 0.194
1 0.722 0.046 0.225 0.093
1 0.904 0.088 0.192 0.177
1 0.754 0.092 0.224 0.152
1 0.968 0.270 0.063 0.171
1 0.712 0.271 0.203 0.200
1 0.635 0.463 0.185 0.171
1 0.850 0.437 0.233 0.262
1 0.913 0.451 0.156 0.215
1 0.973 0.664 0.054 0.187
1 0.865 0.612 0.189 0.206
1 0.625 0.588 0.221 0.181
1 0.493 0.620 0.229 0.201
1 0.070 0.438 0.140 0.238
1 0.040 0.956 0.080 0.088
1 0.098 0.929 0.196 0.131
1 0.307 0.966 0.224 0.068
1 0.508 0.917 0.215 0.167
1 0.692 0.789 0.211 0.196
1 0.749 0.842 0.252 0.234
1 0.867 0.885 0.208 0.205
