0 0.535 0.711 0.361 0.367
1 0.092 0.037 0.184 0.073
1 0.078 0.196 0.156 0.206
1 0.343 0.126 0.207 0.192
1 0.580 0.122 0.229 0.234
1 0.714 0.150 0.223 0.201
1 0.848 0.185 0.188 0.205
1 0.051 0.421 0.103 0.213
1 0.112 0.535 0.222 0.214
1 0.186 0.367 0.208 0.208
1 0.275 0.523 0.152 0.281
1 0.486 0.455 0.223 0.187
1 0.646 0.373 0.203 0.215
1 0.775 0.381 0.233 0.208
1 0.972 0.418 0.057 0.184
1 0.960 0.665 0.080 0.225
1 0.839 0.831 0.223 0.233
1 0.954 0.934 0.093 0.119
1 0.679 0.953 0.207 0.093
1 0.544 0.966 0.193 0.068
1 0.261 0.925 0.239 0.150
1 0.027 0.903 0.055 0.152
