0 0.548 0.448 0.347 0.356
1 0.050 0.077 0.099 0.155
1 0.136 0.088 0.156 0.177
1 0.291 0.046 0.124 0.092
1 0.443 0.088 0.188 0.176
1 0.893 0.111 0.213 0.206
1 0.815 0.130 0.203 0.188
1 0.923 0.351 0.154 0.242
1 0.484 0.170 0.221 0.182
1 0.075 0.286 0.151 0.188
1 0.197 0.282 0.214 0.195
1 0.307 0.347 0.186 0.226
1 0.126 0.435 0.176 0.225
1 0.228 0.498 0.172 0.191
1 0.062 0.600 0.125 0.204
1 0.940 0.644 0.121 0.244
1 0.823 0.867 0.200 0.192
1 0.733 0.810 0.236 0.155
1 0.397 0.671 0.208 0.211
1 0.469 0.757 0.206 0.226
1 0.523 0.940 0.276 0.120
1 0.301 0.896 0.211 0.207
1 0.133 0.751 0.188 0.175
1 0.094 0.833 0.188 0.192
1 0.070 0.967 0.139 0.066
