0 0.503 0.537 0.252 0.308
1 0.070 0.046 0.140 0.092
1 0.129 0.061 0.152 0.122
1 0.448 0.158 0.231 0.231
1 0.655 0.113 0.190 0.206
1 0.478 0.023 0.167 0.042
1 0.899 0.045 0.196 0.091
1 0.883 0.137 0.213 0.177
1 0.818 0.196 0.231 0.166
1 0.027 0.170 0.054 0.147
1 0.024 0.346 0.047 0.171
1 0.154 0.263 0.212 0.221
1 0.306 0.386 0.210 0.217
1 0.476 0.254 0.205 0.208
1 0.800 0.363 0.225 0.213
1 0.961 0.411 0.078 0.249
1 0.116 0.495 0.206 0.239
1 0.256 0.591 0.234 0.189
1 0.057 0.758 0.114 0.214
1 0.253 0.738 0.229 0.187
1 0.129 0.887 0.204 0.190
1 0.050 0.975 0.097 0.050
1 0.616 0.674 0.242 0.231
1 0.825 0.633 0.195 0.214
1 0.915 0.680 0.167 0.238
1 0.868 0.845 0.223 0.191
1 0.941 0.904 0.117 0.185
1 0.560 0.844 0.215 0.204
1 0.639 0.893 0.200 0.202
1 0.344 0.917 0.225 0.159
