0 0.400 0.345 0.375 0.362
1 0.339 0.036 0.238 0.073
1 0.109 0.222 0.192 0.203
1 0.167 0.137 0.199 0.216
1 0.591 0.145 0.197 0.242
1 0.766 0.175 0.174 0.212
1 0.845 0.300 0.196 0.172
1 0.890 0.407 0.215 0.215
1 0.925 0.620 0.149 0.201
1 0.969 0.800 0.062 0.171
1 0.804 0.771 0.210 0.224
1 0.502 0.652 0.244 0.214
1 0.168 0.431 0.167 0.227
1 0.043 0.450 0.085 0.203
1 0.041 0.641 0.082 0.185
1 0.096 0.660 0.188 0.217
1 0.272 0.756 0.214 0.218
1 0.380 0.855 0.195 0.182
1 0.588 0.863 0.200 0.207
1 0.932 0.964 0.137 0.071
1 0.736 0.961 0.195 0.062
1 0.521 0.983 0.124 0.029
1 0.294 0.980 0.162 0.039
1 0.092 0.943 0.184 0.114
