0 0.491 0.607 0.355 0.307
1 0.070 0.110 0.140 0.211
1 0.093 0.067 0.162 0.134
1 0.285 0.100 0.187 0.200
1 0.369 0.078 0.192 0.156
1 0.573 0.067 0.204 0.134
1 0.925 0.052 0.150 0.100
1 0.811 0.139 0.188 0.226
1 0.732 0.146 0.182 0.218
1 0.077 0.336 0.153 0.208
1 0.136 0.255 0.198 0.181
1 0.516 0.218 0.248 0.230
1 0.953 0.220 0.094 0.186
1 0.941 0.309 0.117 0.202
1 0.617 0.332 0.193 0.182
1 0.680 0.382 0.212 0.182
1 0.815 0.409 0.194 0.201
1 0.958 0.522 0.084 0.200
1 0.923 0.579 0.154 0.188
1 0.824 0.725 0.202 0.206
1 0.984 0.890 0.031 0.133
1 0.881 0.795 0.232 0.208
1 0.751 0.942 0.234 0.116
1 0.722 0.917 0.214 0.166
1 0.351 0.338 0.202 0.201
1 0.277 0.405 0.175 0.186
1 0.249 0.485 0.212 0.191
1 0.203 0.682 0.230 0.208
1 0.077 0.770 0.150 0.211
1 0.087 0.914 0.173 0.134
1 0.321 0.799 0.201 0.171
1 0.309 0.887 0.203 0.150
1 0.410 0.978 0.245 0.044
