0 0.367 0.453 0.260 0.256
1 0.060 0.088 0.119 0.177
1 0.217 0.142 0.207 0.208
1 0.786 0.036 0.247 0.073
1 0.919 0.156 0.162 0.235
1 0.807 0.191 0.198 0.217
1 0.715 0.236 0.201 0.216
1 0.582 0.357 0.221 0.213
1 0.242 0.249 0.198 0.137
1 0.122 0.421 0.202 0.229
1 0.027 0.493 0.054 0.187
1 0.061 0.688 0.121 0.181
1 0.065 0.918 0.130 0.164
1 0.194 0.794 0.217 0.211
1 0.276 0.922 0.204 0.137
1 0.464 0.969 0.165 0.062
1 0.541 0.849 0.199 0.215
1 0.624 0.881 0.189 0.198
1 0.524 0.622 0.209 0.213
1 0.743 0.741 0.202 0.195
1 0.709 0.533 0.210 0.206
1 0.839 0.408 0.219 0.209
1 0.963 0.419 0.070 0.182
1 0.927 0.625 0.145 0.203
1 0.927 0.740 0.147 0.187
1 0.960 0.923 0.080 0.154
1 0.912 0.925 0.161 0.131
