0 0.466 0.318 0.409 0.439
1 0.039 0.134 0.078 0.162
1 0.061 0.049 0.122 0.098
1 0.197 0.090 0.203 0.180
1 0.322 0.103 0.173 0.186
1 0.705 0.126 0.220 0.233
1 0.779 0.043 0.223 0.087
1 0.925 0.210 0.150 0.225
1 0.061 0.353 0.122 0.246
1 0.161 0.382 0.177 0.197
1 0.080 0.696 0.159 0.216
1 0.274 0.786 0.226 0.230
1 0.481 0.670 0.223 0.234
1 0.646 0.758 0.204 0.293
1 0.597 0.942 0.231 0.117
1 0.852 0.973 0.163 0.053
1 0.951 0.903 0.099 0.191
1 0.974 0.761 0.052 0.098
1 0.953 0.605 0.093 0.174
1 0.841 0.476 0.218 0.220
