0 0.485 0.604 0.274 0.290
1 0.065 0.105 0.130 0.210
1 0.357 0.065 0.222 0.131
1 0.604 0.118 0.216 0.210
1 0.829 0.184 0.218 0.246
1 0.768 0.267 0.220 0.228
1 0.934 0.359 0.126 0.194
1 0.691 0.456 0.203 0.199
1 0.737 0.510 0.236 0.234
1 0.350 0.236 0.231 0.217
1 0.474 0.293 0.210 0.233
1 0.078 0.362 0.155 0.191
1 0.265 0.431 0.225 0.207
1 0.238 0.563 0.222 0.193
1 0.052 0.566 0.105 0.215
1 0.047 0.778 0.095 0.209
1 0.220 0.785 0.182 0.240
1 0.316 0.792 0.207 0.233
1 0.145 0.919 0.236 0.160
1 0.390 0.950 0.210 0.101
1 0.583 0.885 0.250 0.203
1 0.802 0.801 0.176 0.207
1 0.832 0.929 0.206 0.143
1 0.949 0.701 0.102 0.223
1 0.963 0.807 0.072 0.209
