0 0.826 0.720 0.343 0.349
1 0.036 0.110 0.072 0.184
1 0.084 0.222 0.169 0.231
1 0.225 0.098 0.189 0.192
1 0.488 0.052 0.214 0.104
1 0.458 0.126 0.225 0.204
1 0.720 0.092 0.209 0.184
1 0.841 0.078 0.213 0.157
1 0.915 0.222 0.170 0.210
1 0.398 0.282 0.240 0.225
1 0.500 0.332 0.238 0.196
1 0.642 0.280 0.234 0.222
1 0.916 0.451 0.168 0.192
1 0.550 0.531 0.207 0.171
1 0.648 0.499 0.190 0.180
1 0.075 0.586 0.149 0.208
1 0.250 0.527 0.194 0.197
1 0.354 0.536 0.174 0.205
1 0.123 0.703 0.196 0.207
1 0.247 0.733 0.140 0.193
1 0.178 0.917 0.228 0.166
1 0.375 0.918 0.194 0.163
1 0.603 0.910 0.199 0.181
