0 0.604 0.624 0.446 0.381
1 0.081 0.076 0.161 0.152
1 0.247 0.154 0.240 0.231
1 0.509 0.109 0.248 0.185
1 0.645 0.036 0.107 0.072
1 0.796 0.038 0.188 0.075
1 0.951 0.059 0.098 0.117
1 0.045 0.228 0.090 0.165
1 0.093 0.388 0.187 0.241
1 0.165 0.583 0.203 0.246
1 0.071 0.731 0.142 0.209
1 0.041 0.911 0.082 0.163
1 0.195 0.924 0.240 0.152
1 0.340 0.822 0.215 0.211
1 0.294 0.577 0.184 0.251
1 0.524 0.264 0.205 0.192
1 0.677 0.344 0.214 0.214
1 0.891 0.288 0.219 0.246
1 0.821 0.511 0.210 0.226
1 0.958 0.590 0.079 0.218
1 0.885 0.763 0.193 0.197
1 0.897 0.934 0.202 0.132
