0 0.559 0.740 0.376 0.392
1 0.028 0.080 0.056 0.160
1 0.185 0.107 0.214 0.199
1 0.108 0.219 0.205 0.218
1 0.432 0.038 0.233 0.075
1 0.895 0.053 0.202 0.107
1 0.686 0.116 0.239 0.192
1 0.459 0.177 0.282 0.189
1 0.295 0.298 0.218 0.208
1 0.076 0.423 0.152 0.180
1 0.082 0.526 0.164 0.230
1 0.336 0.413 0.224 0.179
1 0.533 0.334 0.185 0.203
1 0.787 0.262 0.224 0.209
1 0.956 0.306 0.088 0.215
1 0.958 0.536 0.084 0.224
1 0.668 0.472 0.236 0.207
1 0.785 0.532 0.222 0.276
1 0.307 0.573 0.277 0.208
1 0.366 0.636 0.227 0.192
1 0.075 0.780 0.149 0.226
1 0.170 0.793 0.181 0.227
1 0.464 0.967 0.229 0.067
1 0.914 0.966 0.173 0.068
1 0.713 0.934 0.235 0.132
1 0.810 0.850 0.223 0.213
