0 0.509 0.769 0.363 0.377
1 0.059 0.066 0.118 0.132
1 0.438 0.059 0.210 0.117
1 0.506 0.120 0.218 0.209
1 0.579 0.167 0.219 0.210
1 0.741 0.053 0.216 0.107
1 0.919 0.052 0.155 0.104
1 0.824 0.149 0.211 0.201
1 0.864 0.323 0.180 0.201
1 0.702 0.313 0.223 0.203
1 0.066 0.369 0.133 0.209
1 0.100 0.414 0.201 0.194
1 0.232 0.384 0.173 0.188
1 0.436 0.363 0.203 0.191
1 0.095 0.650 0.190 0.201
1 0.298 0.521 0.195 0.170
1 0.298 0.604 0.194 0.229
1 0.587 0.552 0.221 0.197
1 0.702 0.476 0.207 0.200
1 0.919 0.490 0.163 0.213
1 0.914 0.716 0.172 0.198
1 0.926 0.816 0.148 0.187
1 0.171 0.809 0.256 0.218
1 0.157 0.963 0.230 0.073
1 0.943 0.891 0.115 0.189
1 0.986 0.300 0.028 0.115
1 0.236 0.027 0.160 0.055
