0 0.751 0.482 0.337 0.404
0 0.342 0.747 0.336 0.374
1 0.055 0.067 0.110 0.134
1 0.402 0.035 0.204 0.070
1 0.151 0.174 0.217 0.224
1 0.059 0.351 0.118 0.242
1 0.669 0.108 0.236 0.209
1 0.522 0.131 0.232 0.229
1 0.375 0.228 0.182 0.213
1 0.257 0.291 0.206 0.189
1 0.219 0.389 0.171 0.162
1 0.172 0.492 0.210 0.215
1 0.544 0.312 0.177 0.183
1 0.354 0.462 0.135 0.178
1 0.485 0.424 0.168 0.144
1 0.487 0.568 0.172 0.214
1 0.963 0.780 0.074 0.135
1 0.811 0.786 0.191 0.177
1 0.874 0.962 0.176 0.076
1 0.909 0.940 0.183 0.114
1 0.625 0.876 0.160 0.142
1 0.530 0.908 0.194 0.154
1 0.051 0.617 0.102 0.174
1 0.055 0.748 0.111 0.211
1 0.084 0.802 0.167 0.202
1 0.041 0.955 0.081 0.090
