0 0.527 0.407 0.398 0.383
1 0.097 0.046 0.194 0.091
1 0.716 0.052 0.242 0.104
1 0.396 0.120 0.169 0.209
1 0.315 0.139 0.224 0.213
1 0.216 0.181 0.186 0.186
1 0.084 0.323 0.168 0.188
1 0.035 0.472 0.071 0.152
1 0.173 0.528 0.226 0.197
1 0.957 0.044 0.086 0.088
1 0.763 0.227 0.199 0.230
1 0.828 0.359 0.184 0.196
1 0.963 0.356 0.069 0.202
1 0.928 0.551 0.145 0.206
1 0.953 0.748 0.093 0.209
1 0.785 0.674 0.158 0.160
1 0.728 0.714 0.180 0.147
1 0.868 0.844 0.229 0.217
1 0.805 0.951 0.238 0.098
1 0.516 0.759 0.220 0.190
1 0.110 0.754 0.221 0.215
1 0.271 0.743 0.210 0.171
1 0.157 0.891 0.236 0.199
1 0.366 0.965 0.156 0.069
1 0.469 0.936 0.214 0.129
