1 0.149 0.054 0.289 0.108
1 0.380 0.101 0.207 0.202
1 0.615 0.099 0.229 0.197
1 0.859 0.101 0.240 0.203
1 0.187 0.225 0.207 0.235
1 0.033 0.224 0.066 0.237
1 0.113 0.440 0.224 0.197
1 0.378 0.323 0.195 0.222
1 0.592 0.353 0.216 0.229
1 0.802 0.306 0.222 0.236
1 0.951 0.315 0.099 0.230
1 0.922 0.497 0.156 0.216
1 0.784 0.609 0.221 0.231
1 0.561 0.582 0.219 0.232
1 0.349 0.499 0.204 0.222
1 0.138 0.589 0.216 0.198
1 0.223 0.777 0.267 0.204
1 0.467 0.782 0.204 0.213
1 0.704 0.830 0.259 0.230
1 0.930 0.844 0.137 0.238
1 0.597 0.968 0.196 0.064
1 0.401 0.944 0.179 0.112
1 0.187 0.924 0.246 0.152
1 0.904 0.950 0.192 0.092
