0 0.395 0.671 0.336 0.356
1 0.066 0.032 0.133 0.063
1 0.274 0.025 0.185 0.051
1 0.034 0.150 0.068 0.168
1 0.039 0.306 0.078 0.175
1 0.570 0.029 0.213 0.058
1 0.915 0.021 0.170 0.041
1 0.188 0.201 0.200 0.223
1 0.405 0.118 0.215 0.221
1 0.721 0.117 0.218 0.210
1 0.301 0.304 0.195 0.191
1 0.342 0.392 0.205 0.182
1 0.750 0.330 0.215 0.206
1 0.926 0.333 0.138 0.227
1 0.670 0.353 0.193 0.180
1 0.080 0.502 0.161 0.199
1 0.190 0.568 0.123 0.226
1 0.034 0.664 0.069 0.233
1 0.087 0.718 0.175 0.197
1 0.038 0.941 0.077 0.095
1 0.255 0.891 0.209 0.207
1 0.342 0.939 0.154 0.122
1 0.600 0.975 0.249 0.049
1 0.909 0.909 0.182 0.181
1 0.829 0.858 0.168 0.229
1 0.950 0.605 0.101 0.237
1 0.801 0.568 0.179 0.231
