0 0.479 0.698 0.385 0.328
1 0.057 0.049 0.114 0.098
1 0.099 0.066 0.177 0.131
1 0.026 0.208 0.051 0.136
1 0.126 0.252 0.186 0.208
1 0.292 0.151 0.231 0.229
1 0.444 0.125 0.203 0.209
1 0.513 0.107 0.218 0.202
1 0.689 0.043 0.197 0.087
1 0.923 0.044 0.153 0.080
1 0.836 0.153 0.210 0.216
1 0.926 0.198 0.149 0.200
1 0.620 0.315 0.182 0.197
1 0.568 0.431 0.222 0.208
1 0.857 0.369 0.197 0.195
1 0.789 0.474 0.202 0.203
1 0.756 0.580 0.223 0.194
1 0.774 0.708 0.200 0.189
1 0.809 0.883 0.237 0.225
1 0.906 0.884 0.180 0.232
1 0.029 0.581 0.058 0.202
1 0.050 0.736 0.101 0.219
1 0.165 0.554 0.187 0.260
1 0.247 0.500 0.234 0.203
1 0.187 0.782 0.185 0.216
1 0.168 0.948 0.218 0.104
