0 0.398 0.511 0.350 0.353
1 0.212 0.030 0.210 0.059
1 0.158 0.108 0.202 0.197
1 0.207 0.195 0.228 0.221
1 0.194 0.353 0.204 0.252
1 0.133 0.546 0.170 0.223
1 0.045 0.391 0.083 0.197
1 0.033 0.768 0.066 0.224
1 0.174 0.833 0.204 0.208
1 0.434 0.781 0.196 0.171
1 0.598 0.913 0.223 0.171
1 0.665 0.764 0.230 0.164
1 0.793 0.840 0.178 0.176
1 0.913 0.938 0.164 0.124
1 0.937 0.661 0.126 0.231
1 0.912 0.584 0.177 0.203
1 0.654 0.327 0.225 0.195
1 0.499 0.180 0.195 0.207
1 0.716 0.171 0.208 0.213
1 0.551 0.036 0.214 0.071
1 0.803 0.039 0.213 0.076
1 0.914 0.125 0.172 0.207
