0 0.588 0.520 0.246 0.246
1 0.123 0.045 0.235 0.091
1 0.315 0.105 0.224 0.207
1 0.622 0.040 0.212 0.079
1 0.903 0.042 0.190 0.085
1 0.205 0.191 0.240 0.208
1 0.486 0.208 0.184 0.196
1 0.670 0.247 0.175 0.208
1 0.752 0.215 0.228 0.227
1 0.968 0.207 0.065 0.170
1 0.972 0.330 0.056 0.171
1 0.208 0.311 0.229 0.223
1 0.064 0.414 0.127 0.224
1 0.385 0.478 0.153 0.266
1 0.798 0.424 0.216 0.173
1 0.832 0.538 0.219 0.204
1 0.811 0.656 0.217 0.199
1 0.971 0.595 0.052 0.185
1 0.961 0.700 0.078 0.177
1 0.081 0.637 0.162 0.249
1 0.266 0.570 0.198 0.236
1 0.278 0.667 0.219 0.178
1 0.458 0.704 0.214 0.187
1 0.046 0.870 0.092 0.215
1 0.196 0.854 0.197 0.195
1 0.367 0.884 0.228 0.179
1 0.534 0.845 0.235 0.217
1 0.675 0.835 0.202 0.229
1 0.945 0.890 0.110 0.158
1 0.886 0.914 0.195 0.172
1 0.414 0.950 0.194 0.088
1 0.226 0.976 0.172 0.041
1 0.766 0.977 0.150 0.044
