0 0.375 0.768 0.394 0.378
1 0.136 0.097 0.207 0.193
1 0.224 0.090 0.212 0.179
1 0.461 0.066 0.262 0.131
1 0.580 0.068 0.214 0.135
1 0.836 0.064 0.212 0.129
1 0.888 0.157 0.216 0.208
1 0.713 0.212 0.189 0.200
1 0.814 0.331 0.224 0.211
1 0.854 0.448 0.229 0.212
1 0.883 0.551 0.209 0.212
1 0.448 0.233 0.211 0.198
1 0.515 0.262 0.198 0.219
1 0.116 0.283 0.215 0.234
1 0.194 0.408 0.221 0.202
1 0.342 0.430 0.213 0.211
1 0.497 0.510 0.169 0.207
1 0.668 0.536 0.184 0.213
1 0.089 0.514 0.175 0.179
1 0.095 0.636 0.158 0.201
1 0.088 0.733 0.171 0.206
1 0.086 0.910 0.172 0.173
1 0.943 0.758 0.114 0.198
1 0.785 0.713 0.185 0.222
1 0.680 0.740 0.172 0.201
1 0.689 0.857 0.181 0.216
1 0.885 0.945 0.215 0.111
1 0.687 0.955 0.169 0.084
