0 0.505 0.528 0.366 0.374
1 0.129 0.059 0.210 0.117
1 0.085 0.152 0.171 0.219
1 0.031 0.357 0.062 0.187
1 0.118 0.273 0.194 0.230
1 0.329 0.187 0.209 0.226
1 0.332 0.088 0.193 0.166
1 0.481 0.042 0.221 0.084
1 0.729 0.051 0.226 0.101
1 0.607 0.139 0.196 0.183
1 0.542 0.231 0.198 0.177
1 0.938 0.043 0.124 0.084
1 0.881 0.242 0.159 0.210
1 0.801 0.212 0.164 0.200
1 0.797 0.409 0.126 0.168
1 0.880 0.441 0.170 0.183
1 0.164 0.519 0.199 0.249
1 0.025 0.743 0.050 0.163
1 0.094 0.894 0.187 0.181
1 0.177 0.917 0.203 0.157
1 0.312 0.865 0.220 0.219
1 0.487 0.871 0.207 0.184
1 0.965 0.202 0.062 0.150
1 0.614 0.889 0.204 0.203
1 0.722 0.839 0.209 0.231
1 0.770 0.699 0.191 0.215
1 0.872 0.644 0.157 0.194
1 0.924 0.632 0.152 0.197
1 0.939 0.845 0.123 0.191
1 0.845 0.975 0.194 0.049
1 0.266 0.738 0.187 0.206
