0 0.495 0.417 0.372 0.417
1 0.157 0.155 0.223 0.204
1 0.301 0.089 0.243 0.178
1 0.438 0.073 0.225 0.146
1 0.903 0.050 0.177 0.100
1 0.922 0.210 0.156 0.193
1 0.785 0.344 0.207 0.211
1 0.047 0.438 0.094 0.211
1 0.146 0.362 0.200 0.219
1 0.246 0.437 0.168 0.257
1 0.114 0.685 0.187 0.230
1 0.206 0.660 0.181 0.191
1 0.512 0.690 0.223 0.187
1 0.793 0.552 0.178 0.185
1 0.820 0.615 0.179 0.204
1 0.963 0.671 0.074 0.194
1 0.709 0.759 0.215 0.178
1 0.874 0.815 0.196 0.188
1 0.732 0.884 0.186 0.215
1 0.919 0.957 0.161 0.086
1 0.264 0.852 0.243 0.198
1 0.091 0.938 0.181 0.118
1 0.399 0.915 0.263 0.156
