0 0.537 0.567 0.308 0.345
1 0.146 0.114 0.268 0.214
1 0.377 0.068 0.250 0.137
1 0.780 0.040 0.223 0.081
1 0.963 0.098 0.073 0.193
1 0.798 0.193 0.268 0.211
1 0.933 0.356 0.135 0.221
1 0.534 0.207 0.232 0.230
1 0.047 0.284 0.095 0.187
1 0.274 0.302 0.212 0.242
1 0.096 0.386 0.192 0.237
1 0.437 0.368 0.215 0.213
1 0.683 0.402 0.187 0.248
1 0.775 0.410 0.169 0.215
1 0.925 0.585 0.149 0.226
1 0.051 0.611 0.101 0.213
1 0.086 0.764 0.172 0.223
1 0.235 0.618 0.251 0.246
1 0.330 0.757 0.219 0.220
1 0.757 0.712 0.205 0.215
1 0.169 0.919 0.224 0.160
1 0.319 0.939 0.238 0.122
1 0.495 0.975 0.150 0.051
1 0.814 0.915 0.241 0.171
1 0.975 0.924 0.050 0.144
1 0.987 0.709 0.025 0.121
