0 0.352 0.374 0.600 0.412
1 0.116 0.247 0.232 0.192
1 0.026 0.412 0.050 0.191
1 0.897 0.044 0.206 0.089
1 0.669 0.031 0.232 0.063
1 0.555 0.101 0.239 0.199
1 0.718 0.265 0.213 0.245
1 0.884 0.274 0.213 0.236
1 0.965 0.403 0.071 0.168
1 0.878 0.522 0.241 0.228
1 0.160 0.660 0.216 0.184
1 0.426 0.698 0.225 0.216
1 0.560 0.730 0.191 0.229
1 0.788 0.704 0.219 0.203
1 0.157 0.969 0.228 0.062
1 0.153 0.866 0.263 0.183
1 0.312 0.821 0.210 0.206
1 0.525 0.924 0.195 0.152
1 0.772 0.934 0.256 0.133
1 0.756 0.850 0.247 0.173
