0 0.320 0.580 0.451 0.445
1 0.074 0.057 0.148 0.113
1 0.240 0.111 0.191 0.221
1 0.029 0.203 0.059 0.143
1 0.075 0.339 0.147 0.232
1 0.363 0.179 0.242 0.194
1 0.538 0.074 0.264 0.147
1 0.664 0.207 0.215 0.230
1 0.884 0.102 0.206 0.203
1 0.863 0.385 0.272 0.229
1 0.807 0.550 0.212 0.216
1 0.620 0.561 0.162 0.257
1 0.913 0.741 0.175 0.270
1 0.716 0.802 0.216 0.282
1 0.550 0.789 0.215 0.266
1 0.102 0.847 0.203 0.255
1 0.328 0.867 0.223 0.179
1 0.781 0.954 0.216 0.080
1 0.943 0.978 0.104 0.043
1 0.986 0.889 0.027 0.107
1 0.386 0.971 0.215 0.058
1 0.069 0.957 0.138 0.082
