1 0.278 0.034 0.227 0.068
1 0.131 0.144 0.214 0.230
1 0.070 0.299 0.140 0.212
1 0.236 0.200 0.199 0.193
1 0.147 0.407 0.197 0.211
1 0.691 0.148 0.196 0.171
1 0.848 0.113 0.189 0.217
1 0.866 0.392 0.172 0.201
1 0.222 0.610 0.195 0.210
1 0.182 0.709 0.212 0.237
1 0.043 0.806 0.086 0.209
1 0.443 0.700 0.191 0.188
1 0.707 0.589 0.222 0.199
1 0.890 0.679 0.210 0.218
1 0.769 0.788 0.218 0.209
1 0.458 0.882 0.259 0.190
1 0.373 0.942 0.231 0.117
1 0.592 0.963 0.197 0.074
1 0.874 0.949 0.214 0.101
1 0.962 0.869 0.074 0.229
0 0.435 0.395 0.398 0.398
