0 0.632 0.479 0.279 0.287
1 0.055 0.034 0.109 0.067
1 0.083 0.176 0.167 0.204
1 0.117 0.250 0.217 0.226
1 0.301 0.213 0.225 0.226
1 0.503 0.120 0.250 0.215
1 0.634 0.231 0.279 0.210
1 0.905 0.106 0.189 0.206
1 0.951 0.369 0.098 0.211
1 0.882 0.418 0.215 0.210
1 0.441 0.370 0.215 0.230
1 0.219 0.451 0.227 0.223
1 0.303 0.552 0.224 0.209
1 0.076 0.573 0.152 0.216
1 0.094 0.817 0.188 0.262
1 0.406 0.706 0.213 0.183
1 0.546 0.734 0.173 0.207
1 0.736 0.755 0.189 0.213
1 0.854 0.787 0.180 0.233
1 0.976 0.722 0.048 0.152
1 0.943 0.908 0.114 0.165
1 0.282 0.848 0.187 0.188
1 0.159 0.966 0.204 0.062
1 0.405 0.903 0.242 0.184
