0 0.611 0.676 0.337 0.432
1 0.102 0.110 0.203 0.201
1 0.223 0.067 0.200 0.134
1 0.531 0.020 0.166 0.041
1 0.425 0.149 0.218 0.236
1 0.277 0.230 0.206 0.217
1 0.090 0.377 0.179 0.228
1 0.907 0.075 0.187 0.149
1 0.964 0.148 0.072 0.187
1 0.719 0.087 0.233 0.174
1 0.713 0.152 0.215 0.204
1 0.880 0.281 0.234 0.186
1 0.298 0.403 0.213 0.171
1 0.435 0.407 0.176 0.174
1 0.483 0.352 0.176 0.161
1 0.547 0.303 0.162 0.141
1 0.685 0.351 0.212 0.176
1 0.969 0.426 0.062 0.191
1 0.970 0.570 0.060 0.160
1 0.913 0.862 0.175 0.186
1 0.956 0.733 0.088 0.165
1 0.723 0.958 0.221 0.084
1 0.076 0.624 0.151 0.231
1 0.208 0.852 0.190 0.212
1 0.064 0.936 0.126 0.128
