0 0.477 0.494 0.334 0.337
1 0.062 0.135 0.123 0.223
1 0.107 0.091 0.214 0.181
1 0.193 0.069 0.194 0.138
1 0.503 0.039 0.177 0.077
1 0.375 0.032 0.141 0.064
1 0.723 0.091 0.232 0.181
1 0.934 0.045 0.133 0.090
1 0.107 0.321 0.214 0.215
1 0.393 0.257 0.224 0.195
1 0.606 0.211 0.199 0.196
1 0.658 0.285 0.187 0.186
1 0.912 0.195 0.169 0.188
1 0.891 0.283 0.205 0.195
1 0.894 0.451 0.211 0.208
1 0.060 0.552 0.119 0.202
1 0.037 0.787 0.074 0.258
1 0.141 0.838 0.212 0.210
1 0.220 0.634 0.211 0.214
1 0.260 0.828 0.208 0.168
1 0.107 0.972 0.204 0.057
1 0.329 0.919 0.217 0.162
1 0.852 0.897 0.231 0.163
1 0.929 0.709 0.142 0.237
1 0.509 0.767 0.216 0.200
1 0.542 0.823 0.211 0.217
1 0.734 0.726 0.212 0.207
1 0.762 0.625 0.214 0.196
