0 0.467 0.475 0.350 0.354
1 0.045 0.068 0.090 0.136
1 0.218 0.078 0.203 0.157
1 0.275 0.155 0.223 0.219
1 0.565 0.141 0.211 0.215
1 0.640 0.018 0.139 0.035
1 0.781 0.132 0.203 0.216
1 0.947 0.097 0.106 0.173
1 0.717 0.290 0.228 0.188
1 0.076 0.381 0.152 0.249
1 0.104 0.472 0.193 0.223
1 0.192 0.524 0.188 0.183
1 0.258 0.316 0.205 0.245
1 0.944 0.576 0.113 0.271
1 0.030 0.789 0.059 0.171
1 0.063 0.724 0.127 0.260
1 0.237 0.795 0.205 0.206
1 0.497 0.739 0.189 0.159
1 0.730 0.716 0.221 0.145
1 0.665 0.876 0.224 0.183
1 0.861 0.802 0.170 0.193
1 0.944 0.911 0.111 0.161
