1 0.105 0.125 0.211 0.201
1 0.162 0.053 0.227 0.106
1 0.298 0.164 0.183 0.176
1 0.523 0.073 0.241 0.147
1 0.375 0.039 0.174 0.075
1 0.683 0.110 0.191 0.217
1 0.693 0.280 0.194 0.203
1 0.761 0.359 0.213 0.172
1 0.876 0.081 0.214 0.162
1 0.913 0.172 0.167 0.207
1 0.065 0.296 0.131 0.183
1 0.179 0.335 0.211 0.218
1 0.052 0.491 0.105 0.213
1 0.021 0.768 0.041 0.200
1 0.069 0.938 0.138 0.124
1 0.405 0.778 0.208 0.225
1 0.521 0.869 0.230 0.187
1 0.606 0.821 0.200 0.147
1 0.777 0.709 0.259 0.143
1 0.805 0.783 0.177 0.184
1 0.900 0.535 0.198 0.262
1 0.576 0.959 0.225 0.083
1 0.826 0.967 0.164 0.065
0 0.475 0.497 0.392 0.416
0 0.163 0.680 0.270 0.315
1 0.964 0.968 0.072 0.064
