0 0.567 0.212 0.374 0.406
1 0.082 0.225 0.165 0.214
1 0.216 0.147 0.191 0.221
1 0.226 0.016 0.195 0.032
1 0.316 0.230 0.170 0.265
1 0.958 0.054 0.084 0.108
1 0.856 0.132 0.215 0.221
1 0.872 0.349 0.181 0.200
1 0.901 0.413 0.179 0.184
1 0.593 0.478 0.236 0.196
1 0.183 0.469 0.180 0.222
1 0.278 0.444 0.178 0.192
1 0.054 0.518 0.108 0.219
1 0.092 0.889 0.183 0.222
1 0.141 0.767 0.211 0.202
1 0.332 0.642 0.256 0.209
1 0.493 0.724 0.234 0.187
1 0.335 0.850 0.183 0.189
1 0.450 0.865 0.189 0.192
1 0.582 0.911 0.201 0.174
1 0.779 0.561 0.213 0.205
1 0.926 0.607 0.141 0.190
1 0.808 0.677 0.211 0.237
1 0.942 0.803 0.116 0.198
1 0.801 0.894 0.209 0.159
1 0.944 0.954 0.108 0.087
1 0.744 0.974 0.160 0.048
