0 0.522 0.485 0.417 0.422
1 0.029 0.046 0.057 0.092
1 0.173 0.016 0.193 0.031
1 0.179 0.150 0.213 0.199
1 0.120 0.245 0.203 0.185
1 0.161 0.324 0.194 0.215
1 0.360 0.218 0.197 0.170
1 0.449 0.185 0.207 0.142
1 0.677 0.090 0.222 0.179
1 0.846 0.031 0.141 0.063
1 0.950 0.115 0.097 0.226
1 0.729 0.273 0.189 0.180
1 0.858 0.234 0.199 0.237
1 0.832 0.389 0.173 0.191
1 0.918 0.369 0.160 0.222
1 0.229 0.532 0.172 0.228
1 0.302 0.706 0.205 0.208
1 0.146 0.761 0.209 0.197
1 0.073 0.807 0.147 0.220
1 0.172 0.941 0.232 0.119
1 0.245 0.921 0.208 0.158
1 0.434 0.863 0.198 0.225
1 0.557 0.950 0.198 0.101
1 0.776 0.968 0.187 0.065
