0 0.494 0.796 0.374 0.313
1 0.497 0.025 0.177 0.050
1 0.199 0.022 0.172 0.044
1 0.408 0.075 0.243 0.150
1 0.799 0.055 0.207 0.109
1 0.958 0.069 0.085 0.137
1 0.921 0.162 0.152 0.205
1 0.653 0.155 0.213 0.216
1 0.142 0.159 0.210 0.228
1 0.279 0.240 0.241 0.222
1 0.548 0.332 0.223 0.183
1 0.800 0.331 0.204 0.179
1 0.778 0.440 0.208 0.185
1 0.116 0.407 0.231 0.212
1 0.174 0.532 0.181 0.173
1 0.355 0.442 0.198 0.192
1 0.489 0.496 0.180 0.149
1 0.891 0.640 0.217 0.195
1 0.790 0.705 0.218 0.175
1 0.937 0.843 0.126 0.178
1 0.222 0.713 0.147 0.182
1 0.074 0.741 0.148 0.218
1 0.205 0.910 0.199 0.179
1 0.035 0.932 0.070 0.130
