0 0.258 0.676 0.393 0.401
1 0.072 0.066 0.145 0.132
1 0.334 0.035 0.210 0.070
1 0.931 0.079 0.138 0.153
1 0.536 0.105 0.262 0.199
1 0.189 0.190 0.233 0.217
1 0.038 0.273 0.076 0.191
1 0.088 0.440 0.176 0.205
1 0.475 0.216 0.242 0.215
1 0.709 0.147 0.231 0.235
1 0.882 0.132 0.195 0.177
1 0.828 0.314 0.229 0.206
1 0.675 0.447 0.216 0.248
1 0.463 0.475 0.228 0.187
1 0.545 0.636 0.223 0.200
1 0.666 0.738 0.197 0.222
1 0.902 0.476 0.197 0.151
1 0.834 0.638 0.220 0.170
1 0.880 0.735 0.200 0.218
1 0.492 0.918 0.189 0.157
1 0.155 0.953 0.123 0.087
