0 0.260 0.759 0.356 0.415
1 0.029 0.098 0.057 0.195
1 0.339 0.075 0.245 0.150
1 0.214 0.178 0.228 0.228
1 0.650 0.044 0.226 0.088
1 0.946 0.040 0.109 0.079
1 0.793 0.159 0.204 0.237
1 0.910 0.166 0.166 0.201
1 0.505 0.277 0.238 0.228
1 0.386 0.274 0.220 0.218
1 0.306 0.404 0.214 0.234
1 0.207 0.452 0.198 0.211
1 0.124 0.514 0.170 0.179
1 0.050 0.880 0.100 0.226
1 0.482 0.542 0.212 0.242
1 0.723 0.379 0.217 0.220
1 0.706 0.500 0.210 0.195
1 0.680 0.613 0.205 0.208
1 0.920 0.450 0.161 0.209
1 0.924 0.531 0.150 0.212
1 0.659 0.816 0.244 0.229
1 0.891 0.822 0.200 0.198
1 0.833 0.970 0.171 0.060
1 0.610 0.965 0.241 0.070
1 0.436 0.943 0.222 0.103
