0 0.665 0.694 0.324 0.331
1 0.130 0.058 0.252 0.116
1 0.314 0.062 0.214 0.124
1 0.715 0.068 0.238 0.136
1 0.515 0.139 0.257 0.266
1 0.285 0.247 0.267 0.230
1 0.071 0.226 0.143 0.251
1 0.123 0.415 0.211 0.176
1 0.052 0.582 0.103 0.236
1 0.223 0.524 0.225 0.260
1 0.409 0.437 0.213 0.245
1 0.669 0.343 0.242 0.232
1 0.901 0.116 0.198 0.202
1 0.901 0.329 0.198 0.217
1 0.907 0.537 0.171 0.214
1 0.814 0.536 0.187 0.253
1 0.581 0.496 0.239 0.218
1 0.123 0.743 0.227 0.219
1 0.369 0.755 0.246 0.247
1 0.203 0.887 0.216 0.214
1 0.041 0.833 0.082 0.222
1 0.467 0.892 0.225 0.213
1 0.893 0.843 0.210 0.227
