1 0.049 0.080 0.098 0.159
1 0.163 0.046 0.208 0.092
1 0.202 0.175 0.208 0.225
1 0.422 0.091 0.253 0.174
1 0.409 0.192 0.213 0.201
1 0.634 0.158 0.203 0.231
1 0.737 0.156 0.208 0.213
1 0.924 0.133 0.152 0.231
1 0.890 0.319 0.215 0.233
1 0.683 0.371 0.212 0.216
1 0.457 0.397 0.241 0.219
1 0.491 0.503 0.265 0.192
1 0.108 0.497 0.216 0.237
1 0.209 0.640 0.250 0.239
1 0.071 0.730 0.141 0.231
1 0.146 0.894 0.227 0.211
1 0.291 0.847 0.241 0.214
1 0.791 0.584 0.239 0.240
1 0.894 0.551 0.193 0.218
1 0.693 0.863 0.231 0.210
1 0.906 0.870 0.184 0.240
0 0.906 0.870 0.184 0.240
0 0.485 0.722 0.270 0.283
