0 0.411 0.521 0.237 0.243
1 0.076 0.187 0.153 0.185
1 0.070 0.312 0.140 0.215
1 0.142 0.104 0.225 0.200
1 0.444 0.038 0.206 0.075
1 0.756 0.042 0.230 0.083
1 0.311 0.205 0.181 0.189
1 0.498 0.249 0.188 0.203
1 0.576 0.218 0.215 0.225
1 0.859 0.207 0.189 0.220
1 0.885 0.318 0.230 0.199
1 0.959 0.442 0.083 0.174
1 0.619 0.427 0.213 0.171
1 0.659 0.546 0.233 0.212
1 0.633 0.647 0.223 0.207
1 0.215 0.471 0.145 0.264
1 0.093 0.567 0.183 0.223
1 0.112 0.653 0.215 0.219
1 0.287 0.711 0.208 0.195
1 0.064 0.851 0.128 0.183
1 0.062 0.983 0.125 0.034
1 0.228 0.954 0.197 0.092
1 0.188 0.892 0.212 0.152
1 0.365 0.845 0.225 0.215
1 0.510 0.839 0.183 0.222
1 0.885 0.601 0.218 0.200
1 0.846 0.699 0.204 0.201
1 0.961 0.817 0.078 0.220
1 0.919 0.950 0.158 0.099
1 0.816 0.879 0.185 0.144
1 0.719 0.913 0.209 0.174
1 0.595 0.982 0.152 0.035
