0 0.521 0.190 0.411 0.350
1 0.041 0.060 0.082 0.121
1 0.149 0.134 0.161 0.190
1 0.039 0.280 0.078 0.175
1 0.035 0.424 0.071 0.183
1 0.299 0.392 0.211 0.195
1 0.197 0.421 0.207 0.170
1 0.963 0.034 0.073 0.068
1 0.812 0.173 0.190 0.219
1 0.900 0.228 0.201 0.190
1 0.719 0.405 0.200 0.225
1 0.612 0.444 0.211 0.193
1 0.910 0.479 0.171 0.210
1 0.940 0.515 0.119 0.185
1 0.912 0.657 0.175 0.228
1 0.702 0.645 0.217 0.216
1 0.552 0.666 0.213 0.230
1 0.191 0.655 0.195 0.215
1 0.304 0.608 0.183 0.186
1 0.407 0.794 0.177 0.196
1 0.080 0.935 0.159 0.129
1 0.097 0.863 0.193 0.182
1 0.263 0.884 0.195 0.186
1 0.446 0.958 0.171 0.084
1 0.610 0.867 0.189 0.257
1 0.778 0.965 0.193 0.070
1 0.739 0.878 0.194 0.195
1 0.945 0.964 0.109 0.072
