0 0.473 0.311 0.378 0.366
1 0.159 0.083 0.218 0.167
1 0.204 0.162 0.193 0.229
1 0.162 0.287 0.227 0.237
1 0.019 0.363 0.039 0.182
1 0.224 0.624 0.196 0.237
1 0.060 0.717 0.120 0.207
1 0.078 0.772 0.156 0.191
1 0.187 0.953 0.228 0.094
1 0.197 0.898 0.198 0.161
1 0.879 0.067 0.243 0.134
1 0.677 0.101 0.213 0.202
1 0.864 0.357 0.214 0.191
1 0.774 0.344 0.228 0.233
1 0.404 0.882 0.199 0.235
1 0.502 0.903 0.200 0.195
1 0.898 0.900 0.157 0.201
1 0.782 0.881 0.247 0.207
1 0.856 0.694 0.206 0.171
1 0.750 0.662 0.212 0.198
1 0.629 0.612 0.221 0.229
1 0.854 0.579 0.212 0.205
