0 0.397 0.735 0.248 0.312
1 0.185 0.169 0.235 0.190
1 0.226 0.067 0.236 0.130
1 0.464 0.103 0.221 0.203
1 0.741 0.151 0.238 0.241
1 0.933 0.336 0.133 0.213
1 0.372 0.332 0.213 0.215
1 0.149 0.355 0.223 0.189
1 0.101 0.484 0.197 0.212
1 0.113 0.653 0.196 0.216
1 0.280 0.613 0.186 0.249
1 0.722 0.506 0.196 0.199
1 0.909 0.555 0.183 0.224
1 0.652 0.640 0.225 0.247
1 0.833 0.771 0.227 0.229
1 0.768 0.935 0.214 0.131
1 0.531 0.948 0.245 0.105
1 0.549 0.886 0.202 0.153
1 0.198 0.852 0.191 0.250
1 0.070 0.874 0.130 0.205
