0 0.655 0.772 0.356 0.371
1 0.386 0.099 0.209 0.198
1 0.199 0.032 0.186 0.063
1 0.021 0.084 0.041 0.153
1 0.047 0.288 0.094 0.218
1 0.025 0.490 0.051 0.160
1 0.018 0.636 0.036 0.109
1 0.030 0.713 0.060 0.161
1 0.087 0.984 0.150 0.032
1 0.130 0.850 0.213 0.217
1 0.170 0.771 0.200 0.214
1 0.297 0.553 0.216 0.230
1 0.187 0.529 0.215 0.241
1 0.199 0.327 0.191 0.192
1 0.302 0.290 0.216 0.220
1 0.561 0.064 0.214 0.129
1 0.872 0.018 0.130 0.031
1 0.919 0.064 0.162 0.127
1 0.713 0.177 0.200 0.190
1 0.832 0.200 0.215 0.207
1 0.964 0.300 0.068 0.190
1 0.504 0.408 0.260 0.237
1 0.603 0.371 0.186 0.241
1 0.773 0.463 0.215 0.219
1 0.850 0.478 0.216 0.207
1 0.931 0.681 0.138 0.225
1 0.797 0.913 0.196 0.175
1 0.542 0.973 0.169 0.048
1 0.950 0.901 0.100 0.199
