1 0.164 0.106 0.214 0.205
1 0.070 0.176 0.139 0.215
1 0.383 0.123 0.223 0.181
1 0.452 0.173 0.199 0.155
1 0.754 0.069 0.244 0.137
1 0.868 0.145 0.229 0.198
1 0.127 0.337 0.197 0.212
1 0.290 0.512 0.211 0.190
1 0.097 0.623 0.194 0.237
1 0.163 0.676 0.148 0.195
1 0.070 0.871 0.140 0.238
1 0.427 0.832 0.228 0.226
1 0.439 0.938 0.239 0.123
1 0.837 0.810 0.200 0.206
1 0.232 0.925 0.165 0.149
1 0.960 0.891 0.079 0.194
1 0.857 0.480 0.137 0.196
1 0.959 0.341 0.080 0.291
1 0.934 0.087 0.126 0.173
1 0.959 0.610 0.076 0.202
0 0.565 0.629 0.418 0.406
