0 0.556 0.521 0.461 0.484
1 0.054 0.048 0.108 0.095
1 0.135 0.115 0.201 0.210
1 0.283 0.102 0.215 0.193
1 0.484 0.182 0.226 0.217
1 0.624 0.043 0.242 0.085
1 0.626 0.177 0.234 0.191
1 0.869 0.073 0.234 0.146
1 0.022 0.315 0.044 0.161
1 0.121 0.319 0.184 0.181
1 0.837 0.406 0.188 0.210
1 0.906 0.356 0.184 0.206
1 0.077 0.595 0.153 0.179
1 0.109 0.646 0.190 0.168
1 0.248 0.568 0.183 0.214
1 0.028 0.790 0.057 0.176
1 0.113 0.832 0.213 0.198
1 0.103 0.939 0.205 0.118
1 0.285 0.762 0.167 0.178
1 0.474 0.846 0.233 0.155
1 0.881 0.616 0.207 0.194
1 0.733 0.808 0.225 0.216
1 0.873 0.832 0.209 0.194
1 0.979 0.693 0.040 0.157
1 0.898 0.972 0.205 0.057
