1 0.129 0.077 0.205 0.153
1 0.331 0.036 0.224 0.073
1 0.506 0.136 0.238 0.235
1 0.791 0.157 0.240 0.208
1 0.274 0.212 0.235 0.199
1 0.137 0.262 0.252 0.194
1 0.269 0.398 0.178 0.146
1 0.367 0.383 0.259 0.219
1 0.037 0.420 0.075 0.169
1 0.099 0.565 0.192 0.212
1 0.214 0.632 0.191 0.212
1 0.045 0.728 0.091 0.205
1 0.101 0.868 0.202 0.195
1 0.266 0.857 0.154 0.207
1 0.962 0.098 0.075 0.196
1 0.941 0.388 0.118 0.245
1 0.856 0.570 0.214 0.193
1 0.790 0.407 0.241 0.181
1 0.806 0.867 0.195 0.181
1 0.442 0.930 0.162 0.141
1 0.765 0.960 0.225 0.080
1 0.934 0.666 0.131 0.194
0 0.579 0.630 0.396 0.435
