0 0.416 0.768 0.271 0.394
1 0.051 0.235 0.102 0.221
1 0.125 0.231 0.152 0.203
1 0.116 0.450 0.210 0.253
1 0.389 0.058 0.133 0.112
1 0.478 0.049 0.130 0.098
1 0.565 0.042 0.087 0.083
1 0.755 0.030 0.115 0.060
1 0.846 0.058 0.131 0.116
1 0.925 0.103 0.150 0.205
1 0.939 0.259 0.122 0.215
1 0.696 0.122 0.185 0.207
1 0.538 0.201 0.223 0.226
1 0.412 0.304 0.253 0.226
1 0.343 0.484 0.204 0.211
1 0.269 0.550 0.180 0.199
1 0.021 0.686 0.042 0.180
1 0.133 0.720 0.183 0.199
1 0.770 0.343 0.245 0.211
1 0.877 0.477 0.230 0.230
1 0.646 0.549 0.220 0.236
1 0.968 0.647 0.065 0.198
1 0.045 0.904 0.089 0.190
1 0.097 0.931 0.194 0.137
1 0.300 0.964 0.189 0.072
1 0.660 0.948 0.201 0.103
1 0.782 0.950 0.184 0.099
