0 0.584 0.345 0.267 0.364
1 0.121 0.064 0.243 0.128
1 0.366 0.080 0.213 0.159
1 0.913 0.110 0.173 0.208
1 0.376 0.262 0.196 0.188
1 0.126 0.426 0.216 0.222
1 0.097 0.531 0.194 0.180
1 0.337 0.400 0.198 0.239
1 0.899 0.332 0.203 0.219
1 0.350 0.582 0.225 0.230
1 0.248 0.681 0.211 0.201
1 0.104 0.715 0.201 0.193
1 0.048 0.883 0.097 0.174
1 0.236 0.897 0.223 0.194
1 0.434 0.797 0.228 0.211
1 0.544 0.562 0.209 0.176
1 0.740 0.512 0.189 0.208
1 0.904 0.544 0.193 0.221
1 0.642 0.730 0.199 0.196
1 0.500 0.947 0.205 0.107
1 0.624 0.873 0.179 0.210
1 0.825 0.692 0.144 0.190
1 0.944 0.740 0.112 0.207
1 0.809 0.915 0.197 0.163
1 0.959 0.927 0.082 0.140
