0 0.609 0.578 0.327 0.358
1 0.086 0.121 0.172 0.202
1 0.070 0.234 0.140 0.191
1 0.052 0.360 0.105 0.195
1 0.144 0.303 0.195 0.204
1 0.195 0.024 0.161 0.047
1 0.377 0.039 0.195 0.079
1 0.261 0.124 0.225 0.183
1 0.323 0.204 0.212 0.172
1 0.162 0.473 0.192 0.191
1 0.056 0.614 0.111 0.186
1 0.099 0.720 0.197 0.202
1 0.118 0.824 0.236 0.202
1 0.348 0.742 0.166 0.185
1 0.290 0.729 0.156 0.182
1 0.071 0.956 0.142 0.086
1 0.295 0.923 0.220 0.155
1 0.339 0.943 0.192 0.114
1 0.453 0.312 0.195 0.165
1 0.524 0.283 0.200 0.183
1 0.677 0.285 0.170 0.182
1 0.678 0.093 0.222 0.173
1 0.799 0.162 0.179 0.218
1 0.901 0.052 0.198 0.099
1 0.950 0.222 0.099 0.225
1 0.929 0.612 0.141 0.199
1 0.920 0.703 0.143 0.206
1 0.561 0.933 0.207 0.133
1 0.608 0.892 0.200 0.134
1 0.760 0.930 0.191 0.139
1 0.965 0.849 0.071 0.189
1 0.936 0.925 0.128 0.151
