1 0.190 0.105 0.246 0.210
1 0.512 0.033 0.201 0.067
1 0.831 0.062 0.229 0.125
1 0.311 0.156 0.227 0.209
1 0.129 0.299 0.213 0.205
1 0.086 0.426 0.172 0.239
1 0.199 0.524 0.215 0.233
1 0.329 0.365 0.211 0.185
1 0.560 0.347 0.223 0.219
1 0.757 0.206 0.251 0.232
1 0.926 0.273 0.148 0.207
1 0.806 0.446 0.192 0.200
1 0.475 0.492 0.233 0.225
1 0.394 0.620 0.239 0.227
1 0.028 0.711 0.056 0.180
1 0.185 0.745 0.205 0.205
1 0.089 0.897 0.178 0.196
1 0.663 0.597 0.198 0.208
1 0.978 0.050 0.043 0.100
1 0.852 0.664 0.215 0.213
1 0.924 0.621 0.145 0.238
1 0.453 0.820 0.207 0.209
1 0.406 0.909 0.212 0.171
1 0.585 0.961 0.202 0.072
1 0.680 0.818 0.236 0.221
1 0.805 0.888 0.225 0.221
1 0.913 0.931 0.168 0.138
