1 0.088 0.062 0.176 0.125
1 0.322 0.051 0.196 0.102
1 0.441 0.061 0.230 0.121
1 0.210 0.173 0.203 0.204
1 0.323 0.247 0.244 0.163
1 0.102 0.372 0.146 0.177
1 0.062 0.474 0.125 0.186
1 0.726 0.111 0.196 0.191
1 0.802 0.091 0.174 0.182
1 0.966 0.081 0.061 0.162
1 0.947 0.123 0.106 0.214
1 0.848 0.318 0.186 0.210
1 0.889 0.425 0.172 0.216
1 0.807 0.649 0.223 0.253
1 0.957 0.668 0.084 0.236
1 0.166 0.723 0.200 0.181
1 0.070 0.881 0.140 0.200
1 0.258 0.825 0.215 0.178
1 0.251 0.924 0.201 0.145
1 0.662 0.978 0.175 0.044
1 0.941 0.927 0.118 0.145
1 0.857 0.957 0.142 0.085
1 0.439 0.981 0.165 0.038
0 0.439 0.981 0.165 0.038
0 0.495 0.585 0.397 0.327
