0 0.394 0.391 0.332 0.327
1 0.065 0.035 0.130 0.070
1 0.066 0.217 0.133 0.215
1 0.133 0.163 0.233 0.207
1 0.317 0.156 0.219 0.189
1 0.529 0.106 0.197 0.190
1 0.589 0.187 0.170 0.176
1 0.655 0.040 0.187 0.080
1 0.847 0.090 0.211 0.177
1 0.969 0.104 0.062 0.185
1 0.814 0.183 0.221 0.189
1 0.917 0.365 0.166 0.196
1 0.830 0.354 0.223 0.229
1 0.883 0.609 0.201 0.229
1 0.682 0.516 0.209 0.176
1 0.659 0.630 0.206 0.193
1 0.018 0.467 0.036 0.149
1 0.143 0.552 0.201 0.173
1 0.135 0.481 0.169 0.118
1 0.071 0.740 0.142 0.204
1 0.187 0.730 0.212 0.180
1 0.426 0.661 0.224 0.195
1 0.469 0.743 0.208 0.167
1 0.775 0.802 0.230 0.154
1 0.949 0.857 0.103 0.166
1 0.886 0.942 0.218 0.115
1 0.625 0.970 0.219 0.060
1 0.253 0.846 0.217 0.210
1 0.066 0.919 0.133 0.153
1 0.213 0.980 0.165 0.040
