0 0.635 0.474 0.381 0.356
1 0.102 0.058 0.205 0.117
1 0.207 0.024 0.211 0.048
1 0.215 0.086 0.195 0.171
1 0.044 0.216 0.088 0.235
1 0.086 0.248 0.173 0.223
1 0.169 0.283 0.178 0.205
1 0.519 0.027 0.198 0.055
1 0.387 0.127 0.199 0.227
1 0.472 0.162 0.180 0.206
1 0.515 0.223 0.202 0.196
1 0.060 0.520 0.120 0.281
1 0.372 0.362 0.186 0.188
1 0.312 0.399 0.195 0.217
1 0.898 0.082 0.205 0.165
1 0.797 0.102 0.231 0.204
1 0.730 0.197 0.210 0.184
1 0.907 0.344 0.178 0.187
1 0.934 0.641 0.133 0.167
1 0.962 0.769 0.075 0.207
1 0.898 0.967 0.205 0.066
1 0.811 0.817 0.208 0.200
1 0.349 0.598 0.150 0.205
1 0.231 0.654 0.238 0.196
1 0.424 0.690 0.183 0.195
1 0.037 0.868 0.074 0.173
1 0.084 0.861 0.167 0.212
1 0.246 0.771 0.199 0.180
1 0.292 0.856 0.204 0.195
1 0.595 0.809 0.226 0.176
1 0.520 0.905 0.206 0.171
1 0.329 0.981 0.208 0.039
